558
656
551
627
132
264
174
438
954
751
535
388
577
562
403
253
7
744
542
352
584
526
410
217
426
923
419
894
42
705
829
396
384
178
377
149
919
747
787
612
62
935
261
112
366
547
133
680
199
918
304
392
71
525
899
935
762
577
105
189
833
322
700
732
657
919
856
96
728
664
595
113
890
215
128
353
233
788
828
370
558
656
520
224
442
450
670
159
923
348
845
574
112
283
403
253
38
186
883
941
150
650
441
620
116
737
78
305
228
240
519
210
849
457
811
25
733
251
291
891
124
780
429
808
701
562
793
394
305
808
577
562
669
394
837
129
656
687
272
469
364
301
532
36
384
749
689
777
92
363
260
98
292
346
597
374
869
128
168
656
