0,081918 (а)
0,017374 (б)
0,046245 (в)
0,019678 (г)
0,030712 (д)
0,082893 (е)
0,010649 (ж)
0,017122 (з)
0,067814 (и)
0,011183 (й)
0,033572 (к)
0,050089 (л)
0,029621 (м)
0,064737 (н)
0,115190 (о)
0,026314 (п)
0,044280 (р)
0,053281 (с)
0,058637 (т)
0,027197 (у)
0,002046 (ф)
0,008599 (х)
0,003624 (ц)
0,014453 (ч)
0,009286 (ш)
0,002958 (щ)
0,019357 (ы)
0,019940 (ь)
0,003067 (э)
0,006156 (ю)
0,022008 (я)

Sorted:
0,115190
0,082893
0,081918
0,067814
0,064737
0,058637
0,053281
0,050089
0,046245
0,044280
0,033572
0,030712
0,029621
0,027197
0,026314
0,022008
0,019940
0,019678
0,019357
0,017374
0,017122
0,014453
0,011183
0,010649
0,009286
0,008599
0,006156
0,003624
0,003067
0,002958
0,002046

Сопоставимо частоти із відповідними літерами. Отримаємо:
1)0,115190 (о)
2)0,082893 (е)
3)0,081918 (а)
4)0,067814 (и)
5)0,064737 (н)
6)0,058637 (т)
7)0,053281 (с)
8)0,050089 (л)
9)0,046245 (в)
10)0,044280 (р)
11)0,033572 (к)
12)0,030712 (д)
13)0,029621 (м)
14)0,027197 (у)
15)0,026314 (п)
16)0,022008 (я)
17)0,019940 (ь)
18)0,019678 (г)
19)0,019357 (ы)
20)0,017374 (б)
21)0,017122 (з)
22)0,014453 (ч)
23)0,011183 (й)
24)0,010649 (ж)
25)0,009286 (ш)
26)0,008599 (х)
27)0,006156 (ю)
28)0,003624 (ц)
29)0,003067 (э)
30)0,002958 (щ)
31)0,002046 (ф)