0,068660 (а)
0,014563 (б)
0,038760 (в)
0,016493 (г)
0,025741 (д)
0,069477 (е)
0,008925 (ж)
0,014351 (з)
0,056839 (и)
0,009374 (й)
0,028139 (к)
0,041982 (л)
0,024827 (м)
0,054260 (н)
0,096548 (о)
0,022055 (п)
0,037113 (р)
0,044658 (с)
0,049147 (т)
0,022795 (у)
0,001715 (ф)
0,007207 (х)
0,003038 (ц)
0,012114 (ч)
0,007783 (ш)
0,002480 (щ)
0,016224 (ы)
0,016713 (ь)
0,002571 (э)
0,005160 (ю)
0,018446 (€)
0,161841 ( )

Sorted:
0,161841
0,096548
0,069477
0,068660
0,056839
0,054260
0,049147
0,044658
0,041982
0,038760
0,037113
0,028139
0,025741
0,024827
0,022795
0,022055
0,018446
0,016713
0,016493
0,016224
0,014563
0,014351
0,012114
0,009374
0,008925
0,007783
0,007207
0,005160
0,003038
0,002571
0,002480
0,001715

—опоставимо частоти ≥з в≥дпов≥дними л≥терами. ќтримаЇмо:
1)0,161841 ( )
2)0,096548 (о)
3)0,069477 (е)
4)0,068660 (а)
5)0,056839 (и)
6)0,054260 (н)
7)0,049147 (т)
8)0,044658 (с)
9)0,041982 (л)
10)0,038760 (в)
11)0,037113 (р)
12)0,028139 (к)
13)0,025741 (д)
14)0,024827 (м)
15)0,022795 (у)
16)0,022055 (п)
17)0,018446 (€)
18)0,016713 (ь)
19)0,016493 (г)
20)0,016224 (ы)
21)0,014563 (б)
22)0,014351 (з)
23)0,012114 (ч)
24)0,009374 (й)
25)0,008925 (ж)
26)0,007783 (ш)
27)0,007207 (х)
28)0,005160 (ю)
29)0,003038 (ц)
30)0,002571 (э)
31)0,002480 (щ)
32)0,001715 (ф)
